1,NULL,11,49,1,0,0,0,0,11_49
2,NULL,11,46,1,0,0,0,0,11_46
3,NULL,11,42,1,0,0,0,0,11_42
4,NULL,12,36,1,0,0,0,0,12_36
5,NULL,28,23,1,0,0,0,0,28_23
6,NULL,48,23,1,0,0,0,0,48_23
7,NULL,68,21,1,0,0,0,0,68_21
8,NULL,63,23,1,0,0,0,0,63_23
9,NULL,59,23,1,0,0,0,0,59_23
10,NULL,56,23,1,0,0,0,0,56_23
11,NULL,52,23,1,0,0,0,0,52_23
12,NULL,42,21,1,0,0,0,0,42_21
13,NULL,39,21,1,0,0,0,0,39_21
14,NULL,37,21,1,0,0,0,0,37_21
15,NULL,35,21,1,0,0,0,0,35_21
16,NULL,33,21,1,0,0,0,0,33_21
17,NULL,68,18,1,0,0,0,0,68_18
18,NULL,67,17,1,0,0,0,0,67_17
19,NULL,63,17,1,0,0,0,0,63_17
20,NULL,59,17,1,0,0,0,0,59_17
21,NULL,56,17,1,0,0,0,0,56_17
22,NULL,54,17,1,0,0,0,0,54_17
23,NULL,49,16,1,0,0,0,0,49_16
24,NULL,44,15,1,0,0,0,0,44_15
25,NULL,41,15,1,0,0,0,0,41_15
26,NULL,39,15,1,0,0,0,0,39_15
27,NULL,37,15,1,0,0,0,0,37_15
28,NULL,35,15,1,0,0,0,0,35_15
29,NULL,31,15,1,0,0,0,0,31_15
30,NULL,25,11,1,0,0,0,0,25_11
31,NULL,22,10,1,0,0,0,0,22_10
32,NULL,28,23,2,0,0,0,0,28_23
33,NULL,48,23,2,0,0,0,0,48_23
34,NULL,68,23,2,0,0,0,0,68_23
35,NULL,83,21,2,0,0,0,0,83_21
36,NULL,81,23,2,0,0,0,0,81_23
37,NULL,77,23,2,0,0,0,0,77_23
38,NULL,75,23,2,0,0,0,0,75_23
39,NULL,72,23,2,0,0,0,0,72_23
40,NULL,63,23,2,0,0,0,0,63_23
41,NULL,61,23,2,0,0,0,0,61_23
42,NULL,59,23,2,0,0,0,0,59_23
43,NULL,54,23,2,0,0,0,0,54_23
44,NULL,43,21,2,0,0,0,0,43_21
45,NULL,40,21,2,0,0,0,0,40_21
46,NULL,37,21,2,0,0,0,0,37_21
47,NULL,33,21,2,0,0,0,0,33_21
48,NULL,23,23,2,0,0,0,0,23_23
49,NULL,21,21,2,0,0,0,0,21_21
50,NULL,20,18,2,0,0,0,0,20_18
51,NULL,20,15,2,0,0,0,0,20_15
52,NULL,31,15,2,0,0,0,0,31_15
53,NULL,36,15,2,0,0,0,0,36_15
54,NULL,39,15,2,0,0,0,0,39_15
55,NULL,41,15,2,0,0,0,0,41_15
56,NULL,43,15,2,0,0,0,0,43_15
57,NULL,45,15,2,0,0,0,0,45_15
58,NULL,50,16,2,0,0,0,0,50_16
59,NULL,53,17,2,0,0,0,0,53_17
60,NULL,56,17,2,0,0,0,0,56_17
61,NULL,59,17,2,0,0,0,0,59_17
62,NULL,64,16,2,0,0,0,0,64_16
63,NULL,70,17,2,0,0,0,0,70_17
64,NULL,71,19,2,0,0,0,0,71_19
65,NULL,15,49,3,0,0,0,0,15_49
66,NULL,27,23,3,0,0,0,0,27_23
67,NULL,48,23,3,0,0,0,0,48_23
68,NULL,68,23,3,0,0,0,0,68_23
69,NULL,83,22,3,0,0,0,0,83_22
70,NULL,82,23,3,0,0,0,0,82_23
71,NULL,80,23,3,0,0,0,0,80_23
72,NULL,78,23,3,0,0,0,0,78_23
73,NULL,75,23,3,0,0,0,0,75_23
74,NULL,72,23,3,0,0,0,0,72_23
75,NULL,62,23,3,0,0,0,0,62_23
76,NULL,59,23,3,0,0,0,0,59_23
77,NULL,54,23,3,0,0,0,0,54_23
78,NULL,45,22,3,0,0,0,0,45_22
79,NULL,39,21,3,0,0,0,0,39_21
80,NULL,33,21,3,0,0,0,0,33_21
81,NULL,22,23,3,0,0,0,0,22_23
82,NULL,20,18,3,0,0,0,0,20_18
83,NULL,20,15,3,0,0,0,0,20_15
84,NULL,24,11,3,0,0,0,0,24_11
85,NULL,31,15,3,0,0,0,0,31_15
86,NULL,35,15,3,0,0,0,0,35_15
87,NULL,37,15,3,0,0,0,0,37_15
88,NULL,41,15,3,0,0,0,0,41_15
89,NULL,49,16,3,0,0,0,0,49_16
90,NULL,55,17,3,0,0,0,0,55_17
91,NULL,60,17,3,0,0,0,0,60_17
92,NULL,65,17,3,0,0,0,0,65_17
93,NULL,69,17,3,0,0,0,0,69_17
94,NULL,72,19,3,0,0,0,0,72_19
95,NULL,64,24,4,0,0,0,0,64_24
96,NULL,37,50,4,0,0,0,0,37_50
97,NULL,32,53,4,0,0,0,0,32_53
98,NULL,30,53,4,0,0,0,0,30_53
99,NULL,27,53,4,0,0,0,0,27_53
100,NULL,25,52,4,0,0,0,0,25_52
101,NULL,24,50,4,0,0,0,0,24_50
102,NULL,24,47,4,0,0,0,0,24_47
103,NULL,24,44,4,0,0,0,0,24_44
104,NULL,24,41,4,0,0,0,0,24_41
105,NULL,24,39,4,0,0,0,0,24_39
106,NULL,24,36,4,0,0,0,0,24_36
107,NULL,23,31,4,0,0,0,0,23_31
108,NULL,38,15,4,0,0,0,0,38_15
109,NULL,48,15,4,0,0,0,0,48_15
110,NULL,54,15,4,0,0,0,0,54_15
111,NULL,56,15,4,0,0,0,0,56_15
112,NULL,59,15,4,0,0,0,0,59_15
113,NULL,66,17,4,0,0,0,0,66_17
114,NULL,84,22,4,0,0,0,0,84_22
115,NULL,79,23,4,0,0,0,0,79_23
116,NULL,73,23,4,0,0,0,0,73_23
117,NULL,68,23,4,0,0,0,0,68_23
118,NULL,60,27,4,0,0,0,0,60_27
119,NULL,56,27,4,0,0,0,0,56_27
120,NULL,52,27,4,0,0,0,0,52_27
121,NULL,44,27,4,0,0,0,0,44_27
122,NULL,43,34,4,0,0,0,0,43_34
123,NULL,43,38,4,0,0,0,0,43_38
124,NULL,43,41,4,0,0,0,0,43_41
125,NULL,41,43,4,0,0,0,0,41_43
126,NULL,60,31,-1,0,0,0,0,60_31
127,NULL,73,23,-1,0,0,0,0,73_23
128,NULL,91,23,-1,0,0,0,0,91_23
129,NULL,103,29,-1,0,0,0,0,103_29
130,NULL,107,27,-1,0,0,0,0,107_27
131,NULL,108,22,-1,0,0,0,0,108_22
132,NULL,96,24,-1,0,0,0,0,96_24
133,NULL,103,20,-1,0,0,0,0,103_20
134,NULL,93,23,-1,0,0,0,0,93_23
135,NULL,75,22,-1,0,0,0,0,75_22
136,NULL,70,25,-1,0,0,0,0,70_25
137,NULL,60,26,-1,0,0,0,0,60_26
138,NULL,60,23,-1,0,0,0,0,60_23
139,NULL,57,21,-1,0,0,0,0,57_21
140,NULL,57,28,-1,0,0,0,0,57_28
142,NULL,52,28,-1,0,0,0,0,52_28
144,NULL,48,28,-1,0,0,0,0,48_28
145,NULL,45,28,-1,0,0,0,0,45_28
146,NULL,42,28,-1,0,0,0,0,42_28
147,NULL,40,28,-1,0,0,0,0,40_28
148,NULL,38,28,-1,0,0,0,0,38_28
149,NULL,36,28,-1,0,0,0,0,36_28
150,NULL,34,28,-1,0,0,0,0,34_28
151,NULL,29,28,-1,0,0,0,0,29_28
152,NULL,26,19,-1,0,0,0,0,26_19
153,NULL,30,19,-1,0,0,0,0,30_19
154,NULL,32,19,-1,0,0,0,0,32_19
155,NULL,34,19,-1,0,0,0,0,34_19
157,NULL,44,19,-1,0,0,0,0,44_19
158,NULL,54,21,-1,0,0,0,0,54_21
159,NULL,64,17,-1,0,0,0,0,64_17
160,NULL,58,17,-1,0,0,0,0,58_17
161,NULL,55,16,-1,0,0,0,0,55_16
162,NULL,53,16,-1,0,0,0,0,53_16
163,NULL,50,16,-1,0,0,0,0,50_16
165,NULL,40,16,-1,0,0,0,0,40_16
169,NULL,27,14,-1,0,0,0,0,27_14
170,NULL,23,12,-1,0,0,0,0,23_12
171,NULL,21,11,-1,0,0,0,0,21_11
172,NULL,17,10,-1,0,0,0,0,17_10
174,NULL,15,18,-1,0,0,0,0,15_18
175,NULL,15,20,-1,0,0,0,0,15_20
176,NULL,15,24,-1,0,0,0,0,15_24
177,NULL,12,29,1,0,0,0,0,12_29
178,NULL,10,54,1,0,0,0,0,10_54
179,NULL,64,24,4,0,0,0,0,64_24
180,NULL,28,30,4,0,0,0,0,28_30
181,1,19,20,1,0,0,0,0,19_20
182,2,25,8,1,0,0,0,0,25_8
183,3,27,7,1,0,0,0,0,27_7
184,4,29,16,1,0,0,0,0,29_16
185,5,29,18,1,0,0,0,0,29_18
186,6,33,17,1,0,0,0,0,33_17
187,7,66,19,1,0,0,0,0,66_19
188,8,66,21,1,0,0,0,0,66_21
189,9,25,8,2,0,0,0,0,25_8
190,10,27,7,2,0,0,0,0,27_7
191,11,29,16,2,0,0,0,0,29_16
192,12,29,18,2,0,0,0,0,29_18
193,13,66,19,2,0,0,0,0,66_19
194,14,66,21,2,0,0,0,0,66_21
195,15,25,8,3,0,0,0,0,25_8
196,16,27,7,3,0,0,0,0,27_7
197,17,29,16,3,0,0,0,0,29_16
198,18,29,18,3,0,0,0,0,29_18
199,19,66,19,3,0,0,0,0,66_19
200,20,66,21,3,0,0,0,0,66_21
201,21,25,8,4,0,0,0,0,25_8
202,22,27,7,4,0,0,0,0,27_7
203,23,66,19,4,0,0,0,0,66_19
204,24,66,21,4,0,0,0,0,66_21
205,25,19,20,-1,0,0,0,0,19_20
206,26,25,8,-1,0,0,0,0,25_8
207,27,27,7,-1,0,0,0,0,27_7
208,28,29,16,-1,0,0,0,0,29_16
209,29,29,18,-1,0,0,0,0,29_18
210,30,33,17,-1,0,0,0,0,33_17
211,31,66,19,-1,0,0,0,0,66_19
212,32,66,21,-1,0,0,0,0,66_21
213,33,25,8,-2,0,0,0,0,25_8
214,34,27,7,-2,0,0,0,0,27_7
215,35,25,8,-3,0,0,0,0,25_8
216,36,27,7,-3,0,0,0,0,27_7
217,37,25,8,-4,0,0,0,0,25_8
218,38,27,7,-4,0,0,0,0,27_7
